567082694
1644581072
-1744557835
29315814
-1368760396
1855961589
-204155559
1055980612
783767683
1662274150
-365462160
581047808
-667922120
-2047552249
2146076478
231003861
-21104437
-1938524697
-258496717
47406113
-2025485177
-706975670
-2126868515
1087103796
312076778
-1136043818
699107890
257525636
-54593975
-275826786
-343686915
812150789
-343120705
-1064415560
276717369
-1792129571
1729886279
1556191406
167268825
700734526
2029119239
55613477
754311644
-188520330
-2124452070
-115521303
920803747
429185733
-1524478362
1759171982
-1692685432
270752933
147012465
-2055492581
-1857734534
-749425930
-1518556956
-1491925975
928220151
1473594226
-924493928
-1130441874
-408701675
385224289
-854286062
-1804120750
183952483
722034567
2003175024
-1581296916
516294440
-1496150923
-1981193546
-725109386
-529024153
11262394
1467399117
-858016945
1827483652
-1457786377
1936332620
1112540771
-1050399282
1231117985
592624363
-908516668
-287758284
-2011484655
1791464580
-1370454148
-1981530364
-1786798673
1530257781
965500710
-128963630
2041551970
1177389894
-2143818008
559668439
-1876841422
1356044572
